-1960.898147	42.010403
-1960.896294	42.010805
-1960.894442	42.011208
-1960.892589	42.011611
-1960.890737	42.012014
-1960.888885	42.012416
-1960.887033	42.012819
-1960.885182	42.013222
-1960.883330	42.013624
-1960.881479	42.014027
-1960.879627	42.014429
-1960.877776	42.014832
-1960.875925	42.015234
-1960.874075	42.015637
-1960.872224	42.016039
-1960.870374	42.016442
-1960.868524	42.016844
-1960.866673	42.017247
-1960.864824	42.017649
-1960.862974	42.018052
-1960.861124	42.018454
-1960.859275	42.018856
-1960.857425	42.019259
-1960.855576	42.019661
-1960.853727	42.020063
-1960.851879	42.020466
-1960.850030	42.020868
-1960.848182	42.021270
-1960.846333	42.021672
-1960.844485	42.022075
-1960.842637	42.022477
-1960.840789	42.022879
-1960.838942	42.023281
-1960.837094	42.023683
-1960.835247	42.024086
-1960.833400	42.024488
-1960.831553	42.024890
-1960.829706	42.025292
-1960.827859	42.025694
-1960.826012	42.026096
-1960.824166	42.026498
-1960.822320	42.026900
-1960.820474	42.027302
-1960.818628	42.027704
-1960.816782	42.028106
-1960.814937	42.028508
-1960.813091	42.028910
-1960.811246	42.029312
-1960.809401	42.029714
-1960.807556	42.030115
-1960.805711	42.030517
-1960.803866	42.030919
-1960.802022	42.031321
-1960.800177	42.031723
-1960.798333	42.032124
-1960.796489	42.032526
-1960.794645	42.032928
-1960.792802	42.033330
-1960.790958	42.033731
-1960.789115	42.034133
-1960.787271	42.034535
-1960.785428	42.034936
-1960.783585	42.035338
-1960.781743	42.035740
-1960.779900	42.036141
-1960.778058	42.036543
-1960.776215	42.036945
-1960.774373	42.037346
-1960.772531	42.037748
-1960.770689	42.038149
-1960.768848	42.038551
-1960.767006	42.038952
-1960.765165	42.039354
-1960.763323	42.039755
-1960.761482	42.040156
-1960.759641	42.040558
-1960.757801	42.040959
-1960.755960	42.041361
-1960.754119	42.041762
-1960.752279	42.042163
-1960.750439	42.042565
-1960.748599	42.042966
-1960.746759	42.043367
-1960.744919	42.043769
-1960.743080	42.044170
-1960.741240	42.044571
-1960.739401	42.044972
-1960.737562	42.045374
-1960.735723	42.045775
-1960.733884	42.046176
-1960.732046	42.046577
-1960.730207	42.046978
-1960.728369	42.047379
-1960.726531	42.047781
-1960.724693	42.048182
-1960.722855	42.048583
-1960.721017	42.048984
-1960.719179	42.049385
-1960.717342	42.049786
-1960.715504	42.050187
-1960.713667	42.050588
-1960.711830	42.050989
-1960.709993	42.051390
-1960.708157	42.051791
-1960.706320	42.052192
-1960.704484	42.052593
-1960.702647	42.052993
-1960.700811	42.053394
-1960.698975	42.053795
-1960.697140	42.054196
-1960.695304	42.054597
-1960.693468	42.054998
-1960.691633	42.055399
-1960.689798	42.055799
-1960.687963	42.056200
-1960.686128	42.056601
-1960.684293	42.057002
-1960.682458	42.057402
-1960.680624	42.057803
-1960.678789	42.058204
-1960.676955	42.058604
-1960.675121	42.059005
-1960.673287	42.059406
-1960.671453	42.059806
-1960.669620	42.060207
-1960.667786	42.060607
-1960.665953	42.061008
-1960.664120	42.061409
-1960.662287	42.061809
-1960.660454	42.062210
-1960.658621	42.062610
-1960.656788	42.063011
-1960.654956	42.063411
-1960.653124	42.063812
-1960.651291	42.064212
-1960.649459	42.064612
-1960.647627	42.065013
-1960.645796	42.065413
-1960.643964	42.065814
-1960.642133	42.066214
-1960.640301	42.066614
-1960.638470	42.067015
-1960.636639	42.067415
-1960.634808	42.067815
-1960.632977	42.068215
-1960.631147	42.068616
-1960.629316	42.069016
-1960.627486	42.069416
-1960.625656	42.069816
-1960.623826	42.070217
-1960.621996	42.070617
-1960.620166	42.071017
-1960.618336	42.071417
-1960.616507	42.071817
-1960.614677	42.072217
-1960.612848	42.072618
-1960.611019	42.073018
-1960.609190	42.073418
-1960.607361	42.073818
-1960.605533	42.074218
-1960.603704	42.074618
-1960.601876	42.075018
-1960.600048	42.075418
-1960.598220	42.075818
-1960.596392	42.076218
-1960.594564	42.076618
-1960.592736	42.077018
-1960.590909	42.077418
-1960.589081	42.077818
-1960.587254	42.078217
-1960.585427	42.078617
-1960.583600	42.079017
-1960.581773	42.079417
-1960.579946	42.079817
-1960.578120	42.080217
-1960.576293	42.080616
-1960.574467	42.081016
-1960.572641	42.081416
-1960.570815	42.081816
-1960.568989	42.082215
-1960.567163	42.082615
-1960.565338	42.083015
-1960.563512	42.083415
-1960.561687	42.083814
-1960.559862	42.084214
-1960.558037	42.084614
-1960.556212	42.085013
-1960.554387	42.085413
-1960.552562	42.085812
-1960.550738	42.086212
-1960.548913	42.086612
-1960.547089	42.087011
-1960.545265	42.087411
-1960.543441	42.087810
-1960.541617	42.088210
-1960.539793	42.088609
-1960.537970	42.089009
-1960.536146	42.089408
-1960.534323	42.089808
-1960.532500	42.090207
-1960.530677	42.090606
-1960.528854	42.091006
-1960.527031	42.091405
-1960.525208	42.091805
-1960.523386	42.092204
-1960.521563	42.092603
-1960.519741	42.093003
-1960.517919	42.093402
-1960.516097	42.093801
-1960.514275	42.094201
-1960.512454	42.094600
-1960.510632	42.094999
-1960.508811	42.095398
-1960.506989	42.095797
-1960.505168	42.096197
-1960.503347	42.096596
-1960.501526	42.096995
-1960.499705	42.097394
-1960.497885	42.097793
-1960.496064	42.098193
-1960.494244	42.098592
-1960.492423	42.098991
-1960.490603	42.099390
-1960.488783	42.099789
-1960.486963	42.100188
-1960.485144	42.100587
-1960.483324	42.100986
-1960.481504	42.101385
-1960.479685	42.101784
-1960.477866	42.102183
-1960.476047	42.102582
-1960.474228	42.102981
-1960.472409	42.103380
-1960.470590	42.103779
-1960.468772	42.104178
-1960.466953	42.104577
-1960.465135	42.104976
-1960.463317	42.105375
-1960.461499	42.105773
-1960.459681	42.106172
-1960.457863	42.106571
-1960.456045	42.106970
-1960.454228	42.107369
-1960.452410	42.107767
-1960.450593	42.108166
-1960.448776	42.108565
-1960.446959	42.108964
-1960.445142	42.109363
-1960.443325	42.109761
-1960.441508	42.110160
-1960.439692	42.110559
-1960.437875	42.110957
-1960.436059	42.111356
-1960.434243	42.111755
-1960.432427	42.112153
-1960.430611	42.112552
-1960.428795	42.112950
-1960.426980	42.113349
-1960.425164	42.113748
-1960.423349	42.114146
-1960.421533	42.114545
-1960.419718	42.114943
-1960.417903	42.115342
-1960.416088	42.115740
-1960.414273	42.116139
-1960.412459	42.116537
-1960.410644	42.116936
-1960.408830	42.117334
-1960.407016	42.117733
-1960.405201	42.118131
-1960.403387	42.118529
-1960.401574	42.118928
-1960.399760	42.119326
-1960.397946	42.119725
-1960.396133	42.120123
-1960.394319	42.120521
-1960.392506	42.120920
-1960.390693	42.121318
-1960.388880	42.121716
-1960.387067	42.122115
-1960.385254	42.122513
-1960.383441	42.122911
-1960.381629	42.123309
-1960.379816	42.123708
-1960.378004	42.124106
-1960.376192	42.124504
-1960.374380	42.124902
-1960.372568	42.125300
-1960.370756	42.125699
-1960.368944	42.126097
-1960.367133	42.126495
-1960.365321	42.126893
-1960.363510	42.127291
-1960.361699	42.127689
-1960.359888	42.128087
-1960.358077	42.128485
-1960.356266	42.128883
-1960.354455	42.129281
-1960.352644	42.129679
-1960.350834	42.130077
-1960.349024	42.130475
-1960.347213	42.130873
-1960.345403	42.131271
-1960.343593	42.131669
-1960.341783	42.132067
-1960.339973	42.132465
-1960.338164	42.132863
-1960.336354	42.133261
-1960.334545	42.133659
-1960.332736	42.134057
-1960.330926	42.134455
-1960.329117	42.134853
-1960.327308	42.135250
-1960.325500	42.135648
-1960.323691	42.136046
-1960.321882	42.136444
-1960.320074	42.136842
-1960.318265	42.137239
-1960.316457	42.137637
-1960.314649	42.138035
-1960.312841	42.138433
-1960.311033	42.138830
-1960.309226	42.139228
-1960.307418	42.139626
-1960.305610	42.140023
-1960.303803	42.140421
-1960.301996	42.140819
-1960.300188	42.141216
-1960.298381	42.141614
-1960.296574	42.142012
-1960.294768	42.142409
-1960.292961	42.142807
-1960.291154	42.143204
-1960.289348	42.143602
-1960.287541	42.144000
-1960.285735	42.144397
-1960.283929	42.144795
-1960.282123	42.145192
-1960.280317	42.145590
-1960.278511	42.145987
-1960.276706	42.146385
-1960.274900	42.146782
-1960.273095	42.147180
-1960.271289	42.147577
-1960.269484	42.147974
-1960.267679	42.148372
-1960.265874	42.148769
-1960.264069	42.149167
-1960.262265	42.149564
-1960.260460	42.149961
-1960.258655	42.150359
-1960.256851	42.150756
-1960.255047	42.151153
-1960.253242	42.151551
-1960.251438	42.151948
-1960.249634	42.152345
-1960.247831	42.152743
-1960.246027	42.153140
-1960.244223	42.153537
-1960.242420	42.153934
-1960.240616	42.154332
-1960.238813	42.154729
-1960.237010	42.155126
-1960.235207	42.155523
-1960.233404	42.155920
-1960.231601	42.156317
-1960.229798	42.156715
-1960.227996	42.157112
-1960.226193	42.157509
-1960.224391	42.157906
-1960.222589	42.158303
-1960.220786	42.158700
-1960.218984	42.159097
-1960.217182	42.159494
-1960.215381	42.159891
-1960.213579	42.160288
-1960.211777	42.160685
-1960.209976	42.161082
-1960.208174	42.161479
-1960.206373	42.161876
-1960.204572	42.162273
-1960.202771	42.162670
-1960.200970	42.163067
-1960.199169	42.163464
-1960.197368	42.163861
-1960.195568	42.164258
-1960.193767	42.164655
-1960.191967	42.165052
-1960.190167	42.165449
-1960.188366	42.165846
-1960.186566	42.166242
-1960.184766	42.166639
-1960.182966	42.167036
-1960.181167	42.167433
-1960.179367	42.167830
-1960.177568	42.168226
-1960.175768	42.168623
-1960.173969	42.169020
-1960.172170	42.169417
-1960.170371	42.169814
-1960.168572	42.170210
-1960.166773	42.170607
-1960.164974	42.171004
-1960.163175	42.171400
-1960.161377	42.171797
-1960.159578	42.172194
-1960.157780	42.172590
-1960.155982	42.172987
-1960.154183	42.173384
-1960.152385	42.173780
-1960.150588	42.174177
-1960.148790	42.174573
-1960.146992	42.174970
-1960.145194	42.175367
-1960.143397	42.175763
-1960.141600	42.176160
-1960.139802	42.176556
-1960.138005	42.176953
-1960.136208	42.177349
-1960.134411	42.177746
-1960.132614	42.178142
-1960.130818	42.178539
-1960.129021	42.178935
-1960.127224	42.179332
-1960.125428	42.179728
-1960.123632	42.180125
-1960.121835	42.180521
-1960.120039	42.180917
-1960.118243	42.181314
-1960.116447	42.181710
-1960.114652	42.182107
-1960.112856	42.182503
-1960.111060	42.182899
-1960.109265	42.183296
-1960.107469	42.183692
-1960.105674	42.184088
-1960.103879	42.184485
-1960.102084	42.184881
-1960.100289	42.185277
-1960.098494	42.185673
-1960.096699	42.186070
-1960.094905	42.186466
-1960.093110	42.186862
-1960.091316	42.187258
-1960.089521	42.187655
-1960.087727	42.188051
-1960.085933	42.188447
-1960.084139	42.188843
-1960.082345	42.189239
-1960.080551	42.189635
-1960.078757	42.190032
-1960.076964	42.190428
-1960.075170	42.190824
-1960.073377	42.191220
-1960.071583	42.191616
-1960.069790	42.192012
-1960.067997	42.192408
-1960.066204	42.192804
-1960.064411	42.193200
-1960.062618	42.193596
-1960.060825	42.193992
-1960.059033	42.194388
-1960.057240	42.194784
-1960.055448	42.195180
-1960.053656	42.195576
-1960.051863	42.195972
-1960.050071	42.196368
-1960.048279	42.196764
-1960.046487	42.197160
-1960.044695	42.197556
-1960.042904	42.197952
-1960.041112	42.198348
-1960.039321	42.198744
-1960.037529	42.199140
-1960.035738	42.199536
-1960.033947	42.199932
-1960.032156	42.200327
-1960.030365	42.200723
-1960.028574	42.201119
-1960.026783	42.201515
-1960.024992	42.201911
-1960.023201	42.202306
-1960.021411	42.202702
-1960.019621	42.203098
-1960.017830	42.203494
-1960.016040	42.203890
-1960.014250	42.204285
-1960.012460	42.204681
-1960.010670	42.205077
-1960.008880	42.205472
-1960.007090	42.205868
-1960.005301	42.206264
-1960.003511	42.206660
-1960.001722	42.207055
-1959.999932	42.207451
-1959.998143	42.207846
-1959.996354	42.208242
-1959.994565	42.208638
-1959.992776	42.209033
-1959.990987	42.209429
-1959.989198	42.209825
-1959.987410	42.210220
-1959.985621	42.210616
-1959.983833	42.211011
-1959.982044	42.211407
-1959.980256	42.211802
-1959.978468	42.212198
-1959.976680	42.212593
-1959.974892	42.212989
-1959.973104	42.213384
-1959.971316	42.213780
-1959.969528	42.214175
-1959.967741	42.214571
-1959.965953	42.214966
-1959.964166	42.215362
-1959.962378	42.215757
-1959.960591	42.216152
-1959.958804	42.216548
-1959.957017	42.216943
-1959.955230	42.217339
-1959.953443	42.217734
-1959.951656	42.218129
-1959.949870	42.218525
-1959.948083	42.218920
-1959.946297	42.219315
-1959.944510	42.219711
-1959.942724	42.220106
-1959.940938	42.220501
-1959.939152	42.220897
-1959.937366	42.221292
-1959.935580	42.221687
-1959.933794	42.222082
-1959.932008	42.222478
-1959.930223	42.222873
-1959.928437	42.223268
-1959.926652	42.223663
-1959.924867	42.224059
-1959.923081	42.224454
-1959.921296	42.224849
-1959.919511	42.225244
-1959.917726	42.225639
-1959.915941	42.226034
-1959.914156	42.226430
-1959.912372	42.226825
-1959.910587	42.227220
-1959.908803	42.227615
-1959.907018	42.228010
-1959.905234	42.228405
-1959.903450	42.228800
-1959.901666	42.229195
-1959.899881	42.229590
-1959.898098	42.229985
-1959.896314	42.230380
-1959.894530	42.230776
-1959.892746	42.231171
-1959.890963	42.231566
-1959.889179	42.231961
-1959.887396	42.232356
-1959.885612	42.232751
-1959.883829	42.233145
-1959.882046	42.233540
-1959.880263	42.233935
-1959.878480	42.234330
-1959.876697	42.234725
-1959.874914	42.235120
-1959.873132	42.235515
-1959.871349	42.235910
-1959.869567	42.236305
-1959.867784	42.236700
-1959.866002	42.237095
-1959.864220	42.237490
-1959.862438	42.237884
-1959.860655	42.238279
-1959.858873	42.238674
-1959.857092	42.239069
-1959.855310	42.239464
-1959.853528	42.239858
-1959.851747	42.240253
-1959.849965	42.240648
-1959.848184	42.241043
-1959.846402	42.241438
-1959.844621	42.241832
-1959.842840	42.242227
-1959.841059	42.242622
-1959.839278	42.243016
-1959.837497	42.243411
-1959.835716	42.243806
-1959.833935	42.244201
-1959.832155	42.244595
-1959.830374	42.244990
-1959.828594	42.245385
-1959.826813	42.245779
-1959.825033	42.246174
-1959.823253	42.246569
-1959.821473	42.246963
-1959.819693	42.247358
-1959.817913	42.247752
-1959.816133	42.248147
-1959.814353	42.248542
-1959.812574	42.248936
-1959.810794	42.249331
-1959.809015	42.249725
-1959.807235	42.250120
-1959.805456	42.250514
-1959.803677	42.250909
-1959.801897	42.251303
-1959.800118	42.251698
-1959.798339	42.252092
-1959.796561	42.252487
-1959.794782	42.252881
-1959.793003	42.253276
-1959.791224	42.253670
-1959.789446	42.254065
-1959.787667	42.254459
-1959.785889	42.254854
-1959.784111	42.255248
-1959.782333	42.255642
-1959.780554	42.256037
-1959.778776	42.256431
-1959.776998	42.256826
-1959.775221	42.257220
-1959.773443	42.257614
-1959.771665	42.258009
-1959.769888	42.258403
-1959.768110	42.258797
-1959.766333	42.259192
-1959.764555	42.259586
-1959.762778	42.259980
-1959.761001	42.260375
-1959.759224	42.260769
-1959.757447	42.261163
-1959.755670	42.261557
-1959.753893	42.261952
-1959.752116	42.262346
-1959.750339	42.262740
-1959.748563	42.263134
-1959.746786	42.263529
-1959.745010	42.263923
-1959.743234	42.264317
-1959.741457	42.264711
-1959.739681	42.265105
-1959.737905	42.265500
-1959.736129	42.265894
-1959.734353	42.266288
-1959.732577	42.266682
-1959.730802	42.267076
-1959.729026	42.267470
-1959.727250	42.267864
-1959.725475	42.268258
-1959.723699	42.268653
-1959.721924	42.269047
-1959.720149	42.269441
-1959.718374	42.269835
-1959.716598	42.270229
-1959.714823	42.270623
-1959.713049	42.271017
-1959.711274	42.271411
-1959.709499	42.271805
-1959.707724	42.272199
-1959.705950	42.272593
-1959.704175	42.272987
-1959.702401	42.273381
-1959.700626	42.273775
-1959.698852	42.274169
-1959.697078	42.274563
-1959.695304	42.274957
-1959.693530	42.275351
-1959.691756	42.275745
-1959.689982	42.276139
-1959.688208	42.276533
-1959.686434	42.276927
-1959.684661	42.277320
-1959.682887	42.277714
-1959.681114	42.278108
-1959.679340	42.278502
-1959.677567	42.278896
-1959.675794	42.279290
-1959.674021	42.279684
-1959.672248	42.280078
-1959.670475	42.280471
-1959.668702	42.280865
-1959.666929	42.281259
-1959.665156	42.281653
-1959.663383	42.282047
-1959.661611	42.282440
-1959.659838	42.282834
-1959.658066	42.283228
-1959.656293	42.283622
-1959.654521	42.284015
-1959.652749	42.284409
-1959.650977	42.284803
-1959.649205	42.285197
-1959.647433	42.285590
-1959.645661	42.285984
-1959.643889	42.286378
-1959.642117	42.286771
-1959.640346	42.287165
-1959.638574	42.287559
-1959.636803	42.287952
-1959.635031	42.288346
-1959.633260	42.288740
-1959.631489	42.289133
-1959.629718	42.289527
-1959.627947	42.289921
-1959.626175	42.290314
-1959.624405	42.290708
-1959.622634	42.291101
-1959.620863	42.291495
-1959.619092	42.291889
-1959.617322	42.292282
-1959.615551	42.292676
-1959.613781	42.293069
-1959.612010	42.293463
-1959.610240	42.293856
-1959.608470	42.294250
-1959.606699	42.294643
-1959.604929	42.295037
-1959.603159	42.295430
-1959.601389	42.295824
-1959.599619	42.296217
-1959.597850	42.296611
-1959.596080	42.297004
-1959.594310	42.297398
-1959.592541	42.297791
-1959.590771	42.298185
-1959.589002	42.298578
-1959.587233	42.298971
-1959.585463	42.299365
-1959.583694	42.299758
-1959.581925	42.300152
-1959.580156	42.300545
-1959.578387	42.300938
-1959.576618	42.301332
-1959.574849	42.301725
-1959.573081	42.302118
-1959.571312	42.302512
-1959.569544	42.302905
-1959.567775	42.303298
-1959.566007	42.303692
-1959.564238	42.304085
-1959.562470	42.304478
-1959.560702	42.304872
-1959.558934	42.305265
-1959.557166	42.305658
-1959.555398	42.306052
-1959.553630	42.306445
-1959.551862	42.306838
-1959.550094	42.307231
-1959.548326	42.307625
-1959.546559	42.308018
-1959.544791	42.308411
-1959.543024	42.308804
-1959.541257	42.309197
-1959.539489	42.309591
-1959.537722	42.309984
-1959.535955	42.310377
-1959.534188	42.310770
-1959.532421	42.311163
-1959.530654	42.311556
-1959.528887	42.311950
-1959.527120	42.312343
-1959.525353	42.312736
-1959.523587	42.313129
-1959.521820	42.313522
-1959.520054	42.313915
-1959.518287	42.314308
-1959.516521	42.314701
-1959.514755	42.315094
-1959.512988	42.315488
-1959.511222	42.315881
-1959.509456	42.316274
-1959.507690	42.316667
-1959.505924	42.317060
-1959.504159	42.317453
-1959.502393	42.317846
-1959.500627	42.318239
-1959.498861	42.318632
-1959.497096	42.319025
-1959.495330	42.319418
-1959.493565	42.319811
-1959.491800	42.320204
-1959.490034	42.320597
-1959.488269	42.320990
-1959.486504	42.321383
-1959.484739	42.321776
-1959.482974	42.322169
-1959.481209	42.322561
-1959.479444	42.322954
-1959.477679	42.323347
-1959.475915	42.323740
-1959.474150	42.324133
-1959.472386	42.324526
-1959.470621	42.324919
-1959.468857	42.325312
-1959.467092	42.325705
-1959.465328	42.326097
-1959.463564	42.326490
-1959.461800	42.326883
-1959.460036	42.327276
-1959.458272	42.327669
-1959.456508	42.328062
-1959.454744	42.328454
-1959.452980	42.328847
-1959.451216	42.329240
-1959.449453	42.329633
-1959.447689	42.330026
-1959.445926	42.330418
-1959.444162	42.330811
-1959.442399	42.331204
-1959.440636	42.331597
-1959.438872	42.331989
-1959.437109	42.332382
-1959.435346	42.332775
-1959.433583	42.333168
-1959.431820	42.333560
-1959.430057	42.333953
-1959.428294	42.334346
-1959.426532	42.334738
-1959.424769	42.335131
-1959.423006	42.335524
-1959.421244	42.335916
-1959.419481	42.336309
-1959.417719	42.336702
-1959.415957	42.337094
-1959.414194	42.337487
-1959.412432	42.337880
-1959.410670	42.338272
-1959.408908	42.338665
-1959.407146	42.339057
-1959.405384	42.339450
-1959.403622	42.339843
-1959.401861	42.340235
-1959.400099	42.340628
-1959.398337	42.341020
-1959.396576	42.341413
-1959.394814	42.341805
-1959.393053	42.342198
-1959.391291	42.342590
-1959.389530	42.342983
-1959.387769	42.343375
-1959.386008	42.343768
-1959.384247	42.344160
-1959.382485	42.344553
-1959.380724	42.344945
-1959.378964	42.345338
-1959.377203	42.345730
-1959.375442	42.346123
-1959.373681	42.346515
-1959.371921	42.346908
-1959.370160	42.347300
-1959.368400	42.347693
-1959.366639	42.348085
-1959.364879	42.348478
-1959.363118	42.348870
-1959.361358	42.349262
-1959.359598	42.349655
-1959.357838	42.350047
-1959.356078	42.350440
-1959.354318	42.350832
-1959.352558	42.351224
-1959.350798	42.351617
-1959.349038	42.352009
-1959.347279	42.352401
-1959.345519	42.352794
-1959.343759	42.353186
-1959.342000	42.353578
-1959.340240	42.353971
-1959.338481	42.354363
-1959.336722	42.354755
-1959.334963	42.355148
-1959.333203	42.355540
-1959.331444	42.355932
-1959.329685	42.356324
-1959.327926	42.356717
-1959.326167	42.357109
-1959.324408	42.357501
-1959.322650	42.357893
-1959.320891	42.358286
-1959.319132	42.358678
-1959.317374	42.359070
-1959.315615	42.359462
-1959.313857	42.359855
-1959.312098	42.360247
-1959.310340	42.360639
-1959.308581	42.361031
-1959.306823	42.361423
-1959.305065	42.361816
-1959.303307	42.362208
-1959.301549	42.362600
-1959.299791	42.362992
-1959.298033	42.363384
-1959.296275	42.363776
-1959.294518	42.364168
-1959.292760	42.364561
-1959.291002	42.364953
-1959.289245	42.365345
-1959.287487	42.365737
-1959.285730	42.366129
-1959.283972	42.366521
-1959.282215	42.366913
-1959.280458	42.367305
-1959.278700	42.367697
-1959.276943	42.368089
-1959.275186	42.368481
-1959.273429	42.368873
-1959.271672	42.369266
-1959.269915	42.369658
-1959.268159	42.370050
-1959.266402	42.370442
-1959.264645	42.370834
-1959.262888	42.371226
-1959.261132	42.371618
-1959.259375	42.372010
-1959.257619	42.372402
-1959.255862	42.372794
-1959.254106	42.373186
-1959.252350	42.373578
-1959.250594	42.373969
-1959.248838	42.374361
-1959.247081	42.374753
-1959.245325	42.375145
-1959.243569	42.375537
-1959.241814	42.375929
-1959.240058	42.376321
-1959.238302	42.376713
-1959.236546	42.377105
-1959.234791	42.377497
-1959.233035	42.377889
-1959.231279	42.378281
-1959.229524	42.378672
-1959.227769	42.379064
-1959.226013	42.379456
-1959.224258	42.379848
-1959.222503	42.380240
-1959.220748	42.380632
-1959.218993	42.381024
-1959.217237	42.381415
-1959.215482	42.381807
-1959.213728	42.382199
-1959.211973	42.382591
-1959.210218	42.382983
-1959.208463	42.383374
-1959.206709	42.383766
-1959.204954	42.384158
-1959.203199	42.384550
-1959.201445	42.384942
-1959.199690	42.385333
-1959.197936	42.385725
-1959.196182	42.386117
-1959.194427	42.386509
-1959.192673	42.386900
-1959.190919	42.387292
-1959.189165	42.387684
-1959.187411	42.388075
-1959.185657	42.388467
-1959.183903	42.388859
-1959.182149	42.389251
-1959.180396	42.389642
-1959.178642	42.390034
-1959.176888	42.390426
-1959.175135	42.390817
-1959.173381	42.391209
-1959.171628	42.391601
-1959.169874	42.391992
-1959.168121	42.392384
-1959.166367	42.392776
-1959.164614	42.393167
-1959.162861	42.393559
-1959.161108	42.393950
-1959.159355	42.394342
-1959.157602	42.394734
-1959.155849	42.395125
-1959.154096	42.395517
-1959.152343	42.395908
-1959.150590	42.396300
-1959.148838	42.396692
-1959.147085	42.397083
-1959.145332	42.397475
-1959.143580	42.397866
-1959.141827	42.398258
-1959.140075	42.398649
-1959.138322	42.399041
-1959.136570	42.399432
-1959.134818	42.399824
-1959.133066	42.400215
-1959.131314	42.400607
-1959.129561	42.400998
-1959.127809	42.401390
-1959.126057	42.401781
-1959.124306	42.402173
-1959.122554	42.402564
-1959.120802	42.402956
-1959.119050	42.403347
-1959.117298	42.403739
-1959.115547	42.404130
-1959.113795	42.404522
-1959.112044	42.404913
-1959.110292	42.405304
-1959.108541	42.405696
-1959.106790	42.406087
